# results of script local_minima
size_of_hidden_layer,training_error,test_error,number_of_epochs,training_time
5,0.0820000171661377,0.2045384645462036,82,49.32793092727661
10,0.07419997453689575,0.1873999834060669,62,32.56168866157532
20,0.022599995136260986,0.16535383462905884,90,46.253929138183594
30,0.05640000104904175,0.1801692247390747,62,32.801034927368164
40,0.0153999924659729,0.1592922806739807,77,40.55432486534119
5,0.08880001306533813,0.20246154069900513,81,36.57561922073364
10,0.046000003814697266,0.17916923761367798,83,41.36390542984009
20,0.05080002546310425,0.16436922550201416,49,26.030006408691406
30,0.020200014114379883,0.1717846393585205,86,44.497143268585205
40,0.004400014877319336,0.15955382585525513,101,51.70595860481262
5,0.10920000076293945,0.19946151971817017,55,24.61006736755371
10,0.08079999685287476,0.19669228792190552,81,40.112539768218994
20,0.02120000123977661,0.1674923300743103,87,44.08906173706055
30,0.02679997682571411,0.1623692512512207,70,36.6794536113739
40,0.01260000467300415,0.16369229555130005,88,45.179760217666626
5,0.11979997158050537,0.20793843269348145,53,23.88675546646118
10,0.058399975299835205,0.18450766801834106,75,36.41572093963623
20,0.037400007247924805,0.1730615496635437,79,39.50365352630615
30,0.030399978160858154,0.16247689723968506,69,35.14214110374451
40,0.022599995136260986,0.1574000120162964,67,34.589314222335815
5,0.13620001077651978,0.212538480758667,37,16.271706104278564
10,0.0658000111579895,0.18701541423797607,84,39.25760006904602
20,0.0307999849319458,0.16436922550201416,73,35.9042227268219
30,0.03839999437332153,0.16889232397079468,66,32.53974628448486
40,0.010200023651123047,0.15943074226379395,85,42.788721323013306
5,0.11040002107620239,0.20855385065078735,81,34.74732065200806
10,0.06760001182556152,0.18166154623031616,65,28.850337266921997
20,0.022800028324127197,0.17066150903701782,88,42.98008346557617
30,0.04180002212524414,0.1745692491531372,78,38.35921311378479
40,0.00700002908706665,0.16218459606170654,94,46.292396783828735
5,0.1711999773979187,0.26384615898132324,66,28.4927237033844
10,0.08740001916885376,0.19372308254241943,65,28.64747905731201
20,0.04360002279281616,0.17230767011642456,74,33.172118186950684
30,0.01239997148513794,0.16356921195983887,94,42.737483978271484
40,0.030399978160858154,0.16867691278457642,79,36.30327320098877
5,0.08819997310638428,0.19504612684249878,66,30.391019105911255
10,0.06800001859664917,0.18783074617385864,72,31.56972312927246
20,0.03700000047683716,0.17509227991104126,91,41.200944662094116
30,0.01660001277923584,0.1634615659713745,88,41.031283140182495
40,0.03380000591278076,0.1592000126838684,54,31.734511137008667
5,0.09920001029968262,0.19667690992355347,57,26.56939196586609
10,0.08880001306533813,0.1746923327445984,40,24.699309825897217
20,0.04559999704360962,0.17526155710220337,69,37.857879638671875
30,0.011200010776519775,0.1648615598678589,91,46.13012409210205
40,0.031199991703033447,0.17250770330429077,72,36.72084069252014
5,0.12139999866485596,0.20909231901168823,62,28.835453748703003
10,0.07300001382827759,0.18550771474838257,72,31.777510404586792
20,0.02240002155303955,0.1669076681137085,77,41.094667196273804
30,0.0307999849319458,0.16395384073257446,92,47.446526527404785
40,0.02039998769760132,0.16019999980926514,72,34.50520443916321
5,0.10680001974105835,0.21066153049468994,72,26.927484035491943
10,0.06339997053146362,0.18064618110656738,59,26.476680278778076
20,0.07899999618530273,0.16803079843521118,50,24.197200298309326
30,0.025399982929229736,0.1621384620666504,64,30.51892113685608
40,0.015999972820281982,0.16295385360717773,80,39.80558371543884
5,0.10759997367858887,0.2157999873161316,84,40.96360206604004
10,0.052799999713897705,0.17935383319854736,73,35.680469036102295
20,0.051599979400634766,0.1767076849937439,72,37.28629517555237
30,0.017400026321411133,0.16576921939849854,85,45.22397041320801
40,0.014199972152709961,0.1632307767868042,81,37.68804383277893
5,0.09119999408721924,0.20515382289886475,106,49.98017692565918
10,0.10860002040863037,0.1967231035232544,42,18.963222980499268
20,0.01819998025894165,0.17580002546310425,93,46.72308015823364
30,0.015600025653839111,0.17230767011642456,105,50.42422533035278
40,0.017400026321411133,0.16543078422546387,79,42.3706693649292
5,0.09479999542236328,0.20307689905166626,75,35.018744468688965
10,0.06679999828338623,0.17878460884094238,51,23.278496026992798
20,0.03179997205734253,0.17183077335357666,79,37.36043095588684
30,0.036199986934661865,0.1655692458152771,59,30.121516466140747
40,0.029999971389770508,0.1645076870918274,66,33.98725247383118
5,0.1395999789237976,0.22641539573669434,68,32.58551597595215
10,0.08060002326965332,0.18519997596740723,57,27.77672839164734
20,0.045400023460388184,0.17209231853485107,80,37.64899945259094
30,0.03780001401901245,0.1679692268371582,81,37.697288274765015
40,0.023800015449523926,0.1632615327835083,75,35.34187984466553
5,0.1032000184059143,0.20099997520446777,76,35.56406497955322
10,0.07859998941421509,0.18633848428726196,66,31.222643613815308
20,0.028599977493286133,0.16530770063400269,66,31.633156061172485
30,0.03539997339248657,0.16081535816192627,56,28.693750143051147
40,0.02399998903274536,0.16810768842697144,83,38.09635043144226
5,0.0875999927520752,0.20029228925704956,68,32.637916564941406
10,0.04919999837875366,0.1838153600692749,91,42.821141719818115
20,0.03579998016357422,0.16816926002502441,68,31.134490728378296
30,0.04860001802444458,0.16693848371505737,65,30.04472017288208
40,0.029999971389770508,0.15778464078903198,60,28.313494205474854
5,0.08619999885559082,0.19993847608566284,85,37.05232214927673
10,0.0867999792098999,0.20230770111083984,79,38.60285401344299
20,0.04079997539520264,0.1770615577697754,77,36.13756966590881
30,0.02460002899169922,0.16616922616958618,81,41.98738360404968
40,0.005800008773803711,0.16164612770080566,102,50.054558515548706
5,0.12720000743865967,0.20587694644927979,46,22.06931757926941
10,0.07020002603530884,0.1904768943786621,74,36.09389781951904
20,0.05339998006820679,0.17003077268600464,62,30.446013927459717
30,0.01840001344680786,0.17064613103866577,99,48.725419759750366
40,0.014400005340576172,0.16860002279281616,99,48.5363085269928
5,0.10839998722076416,0.21495383977890015,77,35.80350685119629
10,0.07419997453689575,0.17503076791763306,56,26.813482999801636
20,0.03659999370574951,0.16309231519699097,68,32.781919717788696
30,0.03420001268386841,0.16546154022216797,89,43.27111268043518
40,0.06459999084472656,0.17073845863342285,49,24.87536907196045
5,0.11879998445510864,0.21276921033859253,77,35.75927114486694
10,0.05239999294281006,0.1850000023841858,82,38.53278470039368
20,0.039200007915496826,0.17746156454086304,80,40.23476505279541
30,0.03280001878738403,0.1724461317062378,78,38.352163553237915
40,0.012000024318695068,0.15764617919921875,81,39.83692741394043
5,0.12239998579025269,0.21555382013320923,68,32.10125494003296
10,0.0658000111579895,0.1920154094696045,97,45.08641839027405
20,0.01840001344680786,0.17484617233276367,96,45.62330365180969
30,0.01260000467300415,0.16019999980926514,93,44.8590931892395
40,0.0059999823570251465,0.15986156463623047,94,46.77102184295654
5,0.10900002717971802,0.19739997386932373,60,28.14388370513916
10,0.09759998321533203,0.20764613151550293,74,34.84485197067261
20,0.03560000658035278,0.16981536149978638,83,39.637166023254395
30,0.016200006008148193,0.17076921463012695,86,41.82938098907471
40,0.05119997262954712,0.17486155033111572,61,30.52565574645996
5,0.1029999852180481,0.2075076699256897,74,34.62306785583496
10,0.058000028133392334,0.18275386095046997,69,32.58591866493225
20,0.05720001459121704,0.17084616422653198,46,22.697633266448975
30,0.019599974155426025,0.16483074426651,94,45.49911689758301
40,0.02399998903274536,0.16775387525558472,86,42.24630641937256
5,0.09520000219345093,0.1998000144958496,76,35.626503467559814
10,0.0788000226020813,0.18143075704574585,73,34.64902997016907
20,0.045400023460388184,0.1782153844833374,76,36.56505370140076
30,0.06459999084472656,0.17363077402114868,60,29.76527500152588
40,0.01759999990463257,0.1640307903289795,99,50.01444411277771
5,0.12620002031326294,0.21255385875701904,57,26.786365270614624
10,0.07940000295639038,0.18641537427902222,69,33.20464754104614
20,0.03519999980926514,0.17190766334533691,87,41.524325370788574
30,0.009999990463256836,0.16355383396148682,99,47.36098265647888
40,0.036400020122528076,0.1613384485244751,68,33.94229555130005
5,0.08960002660751343,0.19843077659606934,77,35.51692199707031
10,0.06760001182556152,0.1830461621284485,61,29.019103288650513
20,0.03680002689361572,0.17858463525772095,86,40.854397773742676
30,0.04180002212524414,0.1699538230895996,74,36.15799903869629
40,0.009400010108947754,0.15993845462799072,95,46.98940968513489
5,0.10740000009536743,0.2019076943397522,67,31.392606258392334
10,0.07740002870559692,0.17829233407974243,51,24.595468044281006
20,0.03259998559951782,0.16978460550308228,84,40.03852319717407
30,0.028599977493286133,0.1641230583190918,68,33.1363742351532
40,0.037199974060058594,0.1585230827331543,57,28.39326024055481
5,0.1534000039100647,0.2441999912261963,73,34.08745265007019
10,0.06499999761581421,0.1751384735107422,56,27.305149793624878
20,0.10740000009536743,0.21439999341964722,58,28.307254314422607
30,0.0307999849319458,0.15904617309570312,60,29.7585129737854
40,0.025799989700317383,0.1676769256591797,76,37.01910638809204
5,0.11460000276565552,0.2124153971672058,76,34.024320125579834
10,0.06679999828338623,0.18427693843841553,66,30.392972707748413
20,0.06199997663497925,0.1769692301750183,60,27.39650297164917
30,0.0098000168800354,0.1613692045211792,98,44.540921211242676
40,0.015200018882751465,0.15693843364715576,74,35.22237420082092
5,0.09520000219345093,0.19370770454406738,60,22.366082191467285
10,0.053799986839294434,0.17864614725112915,79,30.249935150146484
20,0.022000014781951904,0.1644461750984192,93,36.249715089797974
30,0.05339998006820679,0.18158459663391113,67,27.459176301956177
40,0.020799994468688965,0.16638463735580444,80,37.67010474205017
5,0.1284000277519226,0.2295384407043457,86,37.516337633132935
10,0.06599998474121094,0.18518459796905518,73,32.3476665019989
20,0.03979998826980591,0.16461539268493652,70,31.741603136062622
30,0.01759999990463257,0.16816926002502441,93,42.18562364578247
40,0.009400010108947754,0.164323091506958,92,41.97469139099121
5,0.08279997110366821,0.1961076855659485,84,34.23096299171448
10,0.0878000259399414,0.1963077187538147,67,29.89604663848877
20,0.061399996280670166,0.18412309885025024,67,30.524956226348877
30,0.0504000186920166,0.18235385417938232,83,37.8503532409668
40,0.017799973487854004,0.16235387325286865,80,37.092084884643555
5,0.10519999265670776,0.20319998264312744,76,30.630573987960815
10,0.06499999761581421,0.1806153655052185,63,28.13505530357361
20,0.06319999694824219,0.19196921586990356,72,32.41014122962952
30,0.016799986362457275,0.16656923294067383,88,40.45235848426819
40,0.03359997272491455,0.1699846386909485,84,39.413323640823364
5,0.09839999675750732,0.20515382289886475,60,26.629592895507812
10,0.06739997863769531,0.1861538290977478,62,26.183480739593506
20,0.03939998149871826,0.16680002212524414,72,32.532389640808105
30,0.022000014781951904,0.16875386238098145,91,41.99489760398865
40,0.030600011348724365,0.17224615812301636,75,35.036516189575195
5,0.10699999332427979,0.20173847675323486,71,27.897682428359985
10,0.048200011253356934,0.1904768943786621,86,38.13735365867615
20,0.05779999494552612,0.1731230616569519,62,28.281586408615112
30,0.019800007343292236,0.16600000858306885,78,35.723554849624634
40,0.017799973487854004,0.16039997339248657,84,39.137176275253296
5,0.09539997577667236,0.19996923208236694,71,31.29434871673584
10,0.06999999284744263,0.18616920709609985,61,27.30377984046936
20,0.053799986839294434,0.1739845871925354,67,29.176209211349487
30,0.015200018882751465,0.1675538420677185,93,39.77526617050171
40,0.030399978160858154,0.16427689790725708,55,26.104592323303223
5,0.18800002336502075,0.24053847789764404,35,16.188344955444336
10,0.08319997787475586,0.1775076985359192,49,22.21592354774475
20,0.027000010013580322,0.1709384322166443,88,39.50022912025452
30,0.03380000591278076,0.16738462448120117,66,30.67749333381653
40,0.007600009441375732,0.15820002555847168,94,43.09953832626343
5,0.1281999945640564,0.22709232568740845,107,44.01277041435242
10,0.07400000095367432,0.18453848361968994,66,27.779236555099487
20,0.027599990367889404,0.1764923334121704,84,38.168447494506836
30,0.05059999227523804,0.1824461817741394,77,35.233482837677
40,0.02920001745223999,0.1596153974533081,73,34.16521501541138
5,0.10439997911453247,0.21770769357681274,89,2421.380532026291
10,0.07840001583099365,0.18472307920455933,56,25.0038640499115
20,0.028800010681152344,0.1679384708404541,78,36.25848960876465
30,0.007200002670288086,0.16360002756118774,108,58.44438099861145
40,0.022599995136260986,0.16790771484375,86,55.14782381057739
5,0.10199999809265137,0.19712305068969727,62,37.870368242263794
10,0.09060001373291016,0.18660002946853638,46,29.146482944488525
20,0.04280000925064087,0.17321538925170898,79,49.18191862106323
30,0.023599982261657715,0.1675230860710144,75,49.941049098968506
40,0.023599982261657715,0.1593846082687378,92,60.26729917526245
5,0.11000001430511475,0.21613848209381104,83,52.984405279159546
10,0.05460000038146973,0.18110769987106323,74,46.2508761882782
20,0.06779998540878296,0.17721539735794067,57,36.66577625274658
30,0.03839999437332153,0.1728615164756775,71,47.701242208480835
40,0.02039998769760132,0.16167694330215454,81,51.962865591049194
5,0.11659997701644897,0.2128307819366455,81,48.64527678489685
10,0.07300001382827759,0.19690769910812378,85,51.908005237579346
20,0.05440002679824829,0.18938463926315308,82,51.36497974395752
30,0.014599978923797607,0.16307693719863892,89,56.07407879829407
40,0.017000019550323486,0.16315382719039917,103,65.90147805213928
5,0.11799997091293335,0.22416925430297852,70,42.84338712692261
10,0.045400023460388184,0.1739230751991272,76,46.666563510894775
20,0.0252000093460083,0.16538459062576294,80,51.32714891433716
30,0.04280000925064087,0.17213845252990723,59,39.320597648620605
40,0.00700002908706665,0.16093844175338745,97,61.702555656433105
5,0.10839998722076416,0.21053844690322876,84,51.09099888801575
10,0.06980001926422119,0.19049233198165894,73,56.3617262840271
20,0.05080002546310425,0.18364614248275757,85,54.16641163825989
30,0.016200006008148193,0.16493844985961914,84,53.362510681152344
40,0.014599978923797607,0.16152310371398926,80,51.96966600418091
5,0.0820000171661377,0.19401538372039795,69,41.941428422927856
10,0.047599971294403076,0.18038463592529297,81,49.591614723205566
20,0.03519999980926514,0.16659998893737793,69,44.04014277458191
30,0.02640002965927124,0.16544616222381592,68,44.72232794761658
40,0.015600025653839111,0.16190767288208008,76,48.92599964141846
5,0.09619998931884766,0.1991538405418396,88,52.46953511238098
10,0.05760002136230469,0.18233847618103027,59,36.854689836502075
20,0.06679999828338623,0.18581539392471313,68,43.04559540748596
30,0.015799999237060547,0.16276925802230835,81,51.28731942176819
40,0.031599998474121094,0.15969228744506836,65,42.73003101348877
5,0.13520002365112305,0.2259846329689026,62,38.05974841117859
10,0.11320000886917114,0.2254769206047058,85,51.99595260620117
20,0.018800020217895508,0.1662769317626953,89,55.519938230514526
30,0.03320002555847168,0.16889232397079468,72,46.913010358810425
40,0.0307999849319458,0.15713846683502197,58,38.192288875579834
5,0.09680002927780151,0.20515382289886475,81,48.73411965370178
10,0.06859999895095825,0.18149232864379883,60,37.51887822151184
20,0.07099997997283936,0.16829228401184082,40,26.5116229057312
30,0.0339999794960022,0.16147691011428833,71,45.48224091529846
40,0.014599978923797607,0.16184616088867188,83,53.93446731567383
5,0.09680002927780151,0.19821536540985107,72,43.16433763504028
10,0.05119997262954712,0.1794307827949524,80,49.199822425842285
20,0.03320002555847168,0.17252308130264282,73,46.184860944747925
30,0.017000019550323486,0.1616615653038025,77,48.723015546798706
40,0.03140002489089966,0.1597999930381775,58,38.79007863998413
5,0.11140000820159912,0.2169230580329895,87,50.436177015304565
10,0.04900002479553223,0.17775386571884155,90,54.62537860870361
20,0.036199986934661865,0.17669230699539185,94,58.10477662086487
30,0.014199972152709961,0.16561537981033325,93,58.202619552612305
40,0.037400007247924805,0.16055387258529663,64,41.65516710281372
5,0.0910000205039978,0.19276922941207886,75,46.30695605278015
10,0.07700002193450928,0.18027693033218384,44,28.159520387649536
20,0.04640001058578491,0.17769229412078857,74,45.97657322883606
30,0.017000019550323486,0.1629999876022339,88,54.84202599525452
40,0.013999998569488525,0.1602461338043213,85,54.5066876411438
5,0.0934000015258789,0.2138461470603943,127,74.34554553031921
10,0.05019998550415039,0.179815411567688,77,47.630531549453735
20,0.07120001316070557,0.18376922607421875,74,46.38794803619385
30,0.03380000591278076,0.17249232530593872,72,45.55765724182129
40,0.013599991798400879,0.1669076681137085,104,66.79240918159485
5,0.11900001764297485,0.22413843870162964,94,56.03617858886719
10,0.08319997787475586,0.1841999888420105,77,47.55845284461975
20,0.06400001049041748,0.18349230289459229,64,41.00021433830261
30,0.04000002145767212,0.16427689790725708,67,43.05284523963928
40,0.02619999647140503,0.16901540756225586,83,53.829647064208984
5,0.142799973487854,0.2180461287498474,52,32.033766746520996
10,0.07359999418258667,0.18853843212127686,65,40.60488486289978
20,0.03600001335144043,0.17040002346038818,88,54.98720908164978
30,0.03420001268386841,0.18101537227630615,91,57.74507522583008
40,0.026000022888183594,0.16335386037826538,67,43.89082980155945
5,0.09460002183914185,0.20835381746292114,96,56.948023557662964
10,0.03680002689361572,0.17761540412902832,83,51.19838809967041
20,0.02799999713897705,0.17009228467941284,101,62.819997787475586
30,0.02799999713897705,0.16584616899490356,74,47.45316505432129
40,0.017799973487854004,0.1613384485244751,69,44.97329044342041
5,0.11419999599456787,0.202353835105896,64,39.11900520324707
10,0.06540000438690186,0.17724615335464478,63,39.41315531730652
20,0.033399999141693115,0.1771538257598877,86,54.34034276008606
30,0.026000022888183594,0.16775387525558472,89,56.18812084197998
40,0.03759998083114624,0.17118459939956665,68,44.41389441490173
5,0.14480000734329224,0.22590768337249756,64,39.09522819519043
10,0.09020000696182251,0.20420002937316895,64,40.05725836753845
20,0.021399974822998047,0.1659846305847168,85,52.866355419158936
30,0.08480000495910645,0.18059998750686646,51,33.28553557395935
40,0.008400022983551025,0.16186153888702393,92,59.13207721710205
5,0.11979997158050537,0.19975382089614868,45,27.959755420684814
10,0.07499998807907104,0.18407690525054932,62,38.83334255218506
20,0.032199978828430176,0.17509227991104126,91,56.66275596618652
30,0.01380002498626709,0.16549229621887207,98,61.49025583267212
40,0.008199989795684814,0.16343075037002563,121,76.82325553894043
5,0.09759998321533203,0.19661539793014526,67,40.735859394073486
10,0.04339998960494995,0.18000000715255737,98,59.91154193878174
20,0.052799999713897705,0.17419999837875366,76,47.7028169631958
30,0.027599990367889404,0.16333848237991333,70,44.839821577072144
40,0.029799997806549072,0.16446155309677124,78,50.38715887069702
5,0.09859997034072876,0.20384615659713745,70,42.406476736068726
10,0.07120001316070557,0.19516921043395996,69,42.90850210189819
20,0.029399991035461426,0.16850769519805908,83,52.04565143585205
30,0.04079997539520264,0.1731230616569519,75,48.02419090270996
40,0.00279998779296875,0.1593846082687378,108,69.15943741798401
5,0.12559998035430908,0.21513843536376953,54,33.35569643974304
10,0.058399975299835205,0.1788615584373474,68,42.38363552093506
20,0.0666000247001648,0.18272310495376587,53,34.18756031990051
30,0.03140002489089966,0.1639077067375183,72,45.98377346992493
40,0.04799997806549072,0.17164617776870728,61,40.55333232879639
5,0.0835999846458435,0.19618463516235352,79,47.67465162277222
10,0.03960001468658447,0.18152308464050293,94,57.94310116767883
20,0.04680001735687256,0.16676920652389526,60,38.639639377593994
30,0.022599995136260986,0.1675538420677185,83,52.78526282310486
40,0.013000011444091797,0.1615692377090454,86,55.8489556312561
5,0.1438000202178955,0.23035383224487305,76,45.942689418792725
10,0.06300002336502075,0.18392306566238403,73,83.98861765861511
20,0.04220002889633179,0.17903077602386475,88,54.53743100166321
30,0.02240002155303955,0.16306155920028687,91,58.43982696533203
40,0.008400022983551025,0.15955382585525513,94,60.700655698776245
5,0.15399998426437378,0.23640000820159912,65,39.5703649520874
10,0.05019998550415039,0.17296922206878662,76,46.814507484436035
20,0.05140000581741333,0.17016923427581787,72,45.59219479560852
30,0.040199995040893555,0.16315382719039917,62,40.5033233165741
40,0.037199974060058594,0.16564613580703735,63,41.306920528411865
5,0.17739999294281006,0.25590771436691284,53,32.97116494178772
10,0.06459999084472656,0.1801999807357788,73,45.16173338890076
20,0.07039999961853027,0.1820923089981079,62,39.45096778869629
30,0.021799981594085693,0.169061541557312,84,53.17516589164734
40,0.021000027656555176,0.16846156120300293,86,55.72623133659363
5,0.09460002183914185,0.2021999955177307,94,56.1601996421814
10,0.045400023460388184,0.17896920442581177,87,53.540367603302
20,0.021399974822998047,0.17246150970458984,96,60.02433133125305
30,0.034600019454956055,0.18023079633712769,89,56.47162914276123
40,0.015999972820281982,0.15936923027038574,83,53.79678010940552
5,0.19819998741149902,0.2570769190788269,54,33.6118597984314
10,0.06419998407363892,0.17555385828018188,61,38.547733306884766
20,0.04960000514984131,0.17050766944885254,74,47.495973348617554
30,0.027800023555755615,0.16836923360824585,77,49.43649768829346
40,0.030399978160858154,0.15826153755187988,61,40.33024311065674
5,0.1021999716758728,0.19393843412399292,63,38.85225868225098
10,0.09299999475479126,0.19913846254348755,72,45.08987283706665
20,0.025799989700317383,0.17390769720077515,88,55.16619873046875
30,0.013000011444091797,0.1692153811454773,96,60.591612339019775
40,0.04460000991821289,0.16439998149871826,57,37.83768701553345
5,0.12959998846054077,0.22196924686431885,66,40.488234996795654
10,0.051599979400634766,0.18467694520950317,85,52.714099407196045
20,0.05320000648498535,0.17941540479660034,71,45.24730181694031
30,0.03380000591278076,0.1679692268371582,69,44.77704620361328
40,0.0037999749183654785,0.16023075580596924,105,67.10288572311401
5,0.12480002641677856,0.20980000495910645,48,30.026320695877075
10,0.06000000238418579,0.18272310495376587,63,38.45349192619324
20,0.036199986934661865,0.16938459873199463,75,47.01423764228821
30,0.03780001401901245,0.16458463668823242,64,41.33890104293823
40,0.018800020217895508,0.15898460149765015,76,48.65714883804321
5,0.1226000189781189,0.2176615595817566,89,52.15175437927246
10,0.059599995613098145,0.18072307109832764,75,45.907275676727295
20,0.03539997339248657,0.16718459129333496,74,46.41546106338501
30,0.024399995803833008,0.17180001735687256,84,56.79089641571045
40,0.03200000524520874,0.16510766744613647,72,49.41352152824402
5,0.11919999122619629,0.18950766324996948,29,21.48845410346985
10,0.1029999852180481,0.19203078746795654,34,26.344252824783325
20,0.03680002689361572,0.17276924848556519,77,52.2113823890686
30,0.01940000057220459,0.16426151990890503,88,60.2944438457489
40,0.04360002279281616,0.16256922483444214,70,48.156373500823975
5,0.11799997091293335,0.2160000205039978,59,39.54649090766907
10,0.05320000648498535,0.18136924505233765,94,57.401068449020386
20,0.025600016117095947,0.17230767011642456,81,50.452906370162964
30,0.04000002145767212,0.1677076816558838,71,45.9925594329834
40,0.019599974155426025,0.16101539134979248,92,61.509318828582764
5,0.12139999866485596,0.20161539316177368,51,31.560925722122192
10,0.08420002460479736,0.1916922926902771,60,38.11164879798889
20,0.0437999963760376,0.18021535873413086,72,49.287532567977905
30,0.015600025653839111,0.1647692322731018,91,64.14339065551758
40,0.015999972820281982,0.15907692909240723,78,53.96856904029846
5,0.10920000076293945,0.21240001916885376,88,53.489567041397095
10,0.06840002536773682,0.1868000030517578,71,45.87388300895691
20,0.029600024223327637,0.17310768365859985,80,53.345826864242554
30,0.03700000047683716,0.16650772094726562,77,51.218536138534546
40,0.011399984359741211,0.16264617443084717,89,63.149306774139404
5,0.10659998655319214,0.21296924352645874,81,52.544310092926025
10,0.06679999828338623,0.1730923056602478,48,33.8364098072052
20,0.03539997339248657,0.17810767889022827,95,65.38174891471863
30,0.06559997797012329,0.18173843622207642,78,52.66785430908203
40,0.015200018882751465,0.15873843431472778,81,55.08902955055237
5,0.17820000648498535,0.2672461271286011,95,58.275285720825195
10,0.07620000839233398,0.19495385885238647,80,50.30932140350342
20,0.033399999141693115,0.16516923904418945,79,51.50191068649292
30,0.033399999141693115,0.17218458652496338,80,52.17249345779419
40,0.024200022220611572,0.17470771074295044,86,60.13976836204529
5,0.11440002918243408,0.19495385885238647,46,35.81302309036255
10,0.05019998550415039,0.1811845898628235,78,55.82979941368103
20,0.03479999303817749,0.17313843965530396,75,52.64466619491577
30,0.031199991703033447,0.17089229822158813,87,60.47613048553467
40,0.009199976921081543,0.16369229555130005,94,65.00934171676636
5,0.12940001487731934,0.2250000238418579,89,57.40730953216553
10,0.056800007820129395,0.18112307786941528,71,49.85067844390869
20,0.022599995136260986,0.16809231042861938,85,62.00467276573181
30,0.04280000925064087,0.16926151514053345,66,49.884021043777466
40,0.04460000991821289,0.17015385627746582,70,51.61825132369995
5,0.13179999589920044,0.20836925506591797,50,33.18518662452698
10,0.053600013256073,0.176230788230896,68,45.21222472190857
20,0.052799999713897705,0.18933844566345215,67,45.23131489753723
30,0.029600024223327637,0.17401540279388428,87,66.33629751205444
40,0.04839998483657837,0.16506153345108032,56,46.02728247642517
5,0.11239999532699585,0.2074461579322815,77,90.1702082157135
10,0.07359999418258667,0.17227691411972046,45,56.97787117958069
20,0.05720001459121704,0.18347692489624023,63,72.26749539375305
30,0.01759999990463257,0.15986156463623047,83,95.81424045562744
40,0.023000001907348633,0.15913844108581543,78,93.06384658813477
5,0.142799973487854,0.2211538553237915,42,49.145068407058716
10,0.05699998140335083,0.1852307915687561,77,86.22223949432373
20,0.05199998617172241,0.1801384687423706,85,72.85535478591919
30,0.03759998083114624,0.17906153202056885,77,62.72512722015381
40,0.05440002679824829,0.16701537370681763,52,34.560490131378174
5,0.1064000129699707,0.20055383443832397,57,35.242993116378784
10,0.05940002202987671,0.18870770931243896,80,49.58839130401611
20,0.056599974632263184,0.1734461784362793,69,43.97107434272766
30,0.022000014781951904,0.1620769500732422,68,43.98055577278137
40,0.007200002670288086,0.16107690334320068,98,63.072418451309204
5,0.14719998836517334,0.22715383768081665,49,32.34368109703064
10,0.06400001049041748,0.1845846176147461,75,46.82458424568176
20,0.03380000591278076,0.16887694597244263,70,44.57518219947815
30,0.025399982929229736,0.16101539134979248,72,46.18746638298035
40,0.011799991130828857,0.15513843297958374,81,52.88804268836975
5,0.09859997034072876,0.2002153992652893,69,36.43256950378418
10,0.0777999758720398,0.1955384612083435,77,37.713892698287964
20,0.04079997539520264,0.17692309617996216,72,36.82097291946411
30,0.03140002489089966,0.1715538501739502,71,36.876638412475586
40,0.023800015449523926,0.15515387058258057,63,33.4871780872345
5,0.1029999852180481,0.20212310552597046,63,28.500889539718628
10,0.07099997997283936,0.18590772151947021,79,37.73073935508728
20,0.03320002555847168,0.17535382509231567,95,46.06367254257202
30,0.040199995040893555,0.16383075714111328,63,31.443188428878784
40,0.015999972820281982,0.15952306985855103,73,37.55467677116394
5,0.15200001001358032,0.22849231958389282,58,25.71252703666687
10,0.06459999084472656,0.18087691068649292,68,30.565834760665894
20,0.03020000457763672,0.16275382041931152,76,34.60984134674072
30,0.046999990940093994,0.17040002346038818,60,28.12947988510132
40,0.021399974822998047,0.1574615240097046,71,33.63260221481323
5,0.11040002107620239,0.20949232578277588,65,28.97184181213379
10,0.06180000305175781,0.17852306365966797,57,25.844948291778564
20,0.021600008010864258,0.17012310028076172,100,44.96010112762451
30,0.037400007247924805,0.16818463802337646,60,28.178789377212524
40,0.0350000262260437,0.16530770063400269,61,28.99921464920044
5,0.10019999742507935,0.2070307731628418,83,36.96090650558472
10,0.04519999027252197,0.1771538257598877,85,37.679114818573
20,0.017199993133544922,0.1739230751991272,104,46.479095220565796
30,0.04559999704360962,0.19063079357147217,91,42.01402997970581
40,0.018999993801116943,0.15721535682678223,75,35.582367181777954
5,0.0989999771118164,0.19326156377792358,52,23.52203345298767
10,0.06400001049041748,0.17761540412902832,74,33.05153298377991
20,0.046999990940093994,0.17255383729934692,65,30.25378131866455
30,0.02740001678466797,0.16138464212417603,72,33.51872754096985
40,0.009000003337860107,0.15901535749435425,89,41.51035523414612
5,0.12760001420974731,0.21278458833694458,56,25.39015007019043
10,0.056599974632263184,0.1794307827949524,63,28.342928409576416
20,0.02319997549057007,0.17023074626922607,98,44.604437828063965
30,0.03560000658035278,0.16180002689361572,69,32.12647581100464
40,0.020200014114379883,0.158369243144989,71,33.58284401893616
5,0.10740000009536743,0.2199384570121765,92,40.048259258270264
10,0.06440001726150513,0.17043077945709229,56,25.456028938293457
20,0.03759998083114624,0.17296922206878662,67,30.997281789779663
30,0.0493999719619751,0.1794000267982483,72,33.62192153930664
40,0.014400005340576172,0.15950769186019897,79,37.23640179634094
5,0.10519999265670776,0.19609230756759644,53,24.13516879081726
10,0.056599974632263184,0.1854768991470337,81,36.07450485229492
20,0.046999990940093994,0.17307692766189575,65,30.071694374084473
30,0.026600003242492676,0.16226154565811157,68,31.908077478408813
40,0.029799997806549072,0.1627846360206604,64,30.361498594284058
5,0.09179997444152832,0.1974615454673767,61,27.72337770462036
10,0.06699997186660767,0.17446154356002808,51,24.984684944152832
20,0.02399998903274536,0.17089229822158813,84,38.530874729156494
30,0.034399986267089844,0.16496920585632324,72,33.51725435256958
40,0.022599995136260986,0.16090768575668335,74,35.07191777229309
5,0.19880002737045288,0.2633538246154785,46,21.348162412643433
10,0.05720001459121704,0.18189233541488647,67,30.421279668807983
20,0.07279998064041138,0.1951230764389038,67,31.232898235321045
30,0.014599978923797607,0.16784614324569702,98,45.050057888031006
40,0.037400007247924805,0.17153847217559814,69,32.94590735435486
5,0.10799998044967651,0.21473848819732666,62,27.678613424301147
10,0.07760000228881836,0.18353843688964844,61,27.85431432723999
20,0.044200003147125244,0.17944616079330444,88,40.02539253234863
30,0.025600016117095947,0.1628769040107727,73,33.94220209121704
40,0.006399989128112793,0.16029232740402222,94,43.735193729400635
5,0.12480002641677856,0.22875386476516724,93,40.99577498435974
10,0.06440001726150513,0.18753844499588013,67,30.256064414978027
20,0.02319997549057007,0.17149227857589722,101,45.26459884643555
30,0.0504000186920166,0.17172306776046753,65,30.50037980079651
40,0.0067999958992004395,0.15869230031967163,93,43.18745231628418
5,0.11760002374649048,0.21690768003463745,62,27.803323984146118
10,0.06519997119903564,0.19164615869522095,71,31.8932044506073
20,0.03259998559951782,0.1794000267982483,95,43.28236532211304
30,0.0307999849319458,0.1651846170425415,69,32.317978858947754
40,0.0339999794960022,0.1651846170425415,71,33.7605357170105
5,0.13859999179840088,0.2157692313194275,43,20.16693925857544
10,0.08060002326965332,0.19067692756652832,57,26.032790899276733
20,0.04680001735687256,0.1803538203239441,78,35.78738737106323
30,0.028800010681152344,0.16118460893630981,65,30.3692946434021
40,0.0153999924659729,0.1581384539604187,83,39.31168246269226
100,0.031199991703033447,0.1718461513519287,88,63.0871057510376
100,0.004800021648406982,0.15287691354751587,82,58.8680624961853
100,0.007600009441375732,0.15358459949493408,84,64.57634019851685
100,0.014199972152709961,0.1516769528388977,72,53.467517137527466
100,0.011600017547607422,0.1551230549812317,82,63.73992323875427
100,0.0037999749183654785,0.15747690200805664,89,67.83795738220215
100,0.001399993896484375,0.15463078022003174,95,70.60899806022644
100,0.010599970817565918,0.15949231386184692,83,61.68876528739929
100,0.0153999924659729,0.1537846326828003,80,64.19379210472107
100,0.024800002574920654,0.1587538719177246,62,49.79634976387024
100,0.0012000203132629395,0.15475386381149292,102,76.27978682518005
100,0.0055999755859375,0.15633845329284668,88,69.48357152938843
100,0.01380002498626709,0.15269231796264648,77,57.46723747253418
100,0.008599996566772461,0.15415382385253906,75,54.602478981018066
100,0.016799986362457275,0.15370768308639526,71,52.23807215690613
100,0.004400014877319336,0.15575385093688965,88,63.5585880279541
100,0.022000014781951904,0.15546154975891113,65,48.856250524520874
100,0.023599982261657715,0.1667538285255432,72,61.24292755126953
100,0.011600017547607422,0.15806156396865845,91,85.52102541923523
100,0.008599996566772461,0.1578769087791443,87,65.10610699653625
100,0.015799999237060547,0.15679997205734253,83,60.237945556640625
100,0.010599970817565918,0.15276920795440674,76,56.05862092971802
100,0.014199972152709961,0.15767693519592285,75,54.87242341041565
100,0.010999977588653564,0.15799999237060547,74,54.53055119514465
100,0.014800012111663818,0.1572769284248352,72,53.71267032623291
100,0.0023999810218811035,0.15349233150482178,95,70.08725881576538
100,0.012199997901916504,0.15712308883666992,86,62.64604592323303
100,0.0009999871253967285,0.15375381708145142,101,73.27536511421204
100,0.0073999762535095215,0.15335386991500854,84,61.56635594367981
100,0.019599974155426025,0.15758460760116577,69,50.94756007194519
100,0.008800029754638672,0.15370768308639526,69,50.770343542099
100,0.013400018215179443,0.16010767221450806,84,61.47443103790283
100,0.023800015449523926,0.16347694396972656,62,46.209521770477295
100,0.0037999749183654785,0.15546154975891113,83,61.09250354766846
100,0.0004000067710876465,0.15501540899276733,98,70.97628617286682
100,0.004800021648406982,0.1525999903678894,84,61.26158356666565
100,0.008400022983551025,0.1549384593963623,75,55.11613440513611
100,0.019599974155426025,0.15918463468551636,72,53.14712476730347
100,0.0098000168800354,0.1568307876586914,73,53.7064311504364
100,0.003000020980834961,0.15558463335037231,90,65.68670082092285
100,0.003000020980834961,0.15392309427261353,92,67.61665678024292
100,0.014400005340576172,0.15472304821014404,72,53.12792944908142
100,0.010599970817565918,0.15273845195770264,67,49.53450345993042
100,0.01239997148513794,0.15486150979995728,75,55.11928367614746
100,0.02399998903274536,0.1596153974533081,65,48.9377658367157
100,0.0073999762535095215,0.15047693252563477,73,53.593897342681885
100,0.001999974250793457,0.15527689456939697,95,69.46493196487427
100,0.018000006675720215,0.15010768175125122,61,45.532572984695435
100,0.01260000467300415,0.15679997205734253,79,58.34837532043457
100,0.0054000020027160645,0.15664613246917725,87,63.21647071838379
100,0.0026000142097473145,0.1545845866203308,88,64.38856887817383
100,0.038600027561187744,0.16380000114440918,77,56.425095081329346
100,0.004800021648406982,0.155353844165802,100,72.68041968345642
100,0.0040000081062316895,0.15310770273208618,91,66.59072589874268
100,0.008800029754638672,0.15293848514556885,78,57.94913077354431
100,0.0067999958992004395,0.1561846137046814,95,69.06462979316711
100,0.01260000467300415,0.1562461256980896,73,53.735679626464844
100,0.005800008773803711,0.15210771560668945,90,65.20595479011536
100,0.018999993801116943,0.1660768985748291,85,62.24661922454834
100,0.05879998207092285,0.17500001192092896,66,48.732604026794434
100,0.01260000467300415,0.15484613180160522,76,56.377591371536255
100,0.012199997901916504,0.15169233083724976,67,49.571133852005005
100,0.0054000020027160645,0.15432310104370117,95,69.13069653511047
100,0.00700002908706665,0.15635383129119873,79,57.80156970024109
100,0.017000019550323486,0.15327692031860352,65,48.65664339065552
100,0.016799986362457275,0.16330766677856445,77,56.547791719436646
100,0.022800028324127197,0.16759997606277466,89,65.05429577827454
100,0.001399993896484375,0.15392309427261353,105,76.01771306991577
100,0.02499997615814209,0.1612461805343628,72,52.967241048812866
100,0.0023999810218811035,0.15609228610992432,107,77.44235348701477
100,0.01239997148513794,0.1546461582183838,85,63.262659311294556
100,0.008599996566772461,0.15610766410827637,71,52.49843502044678
100,0.013999998569488525,0.15633845329284668,66,49.1100435256958
100,0.02039998769760132,0.15503078699111938,71,59.306596517562866
100,0.013000011444091797,0.15113848447799683,61,47.04222559928894
100,0.000599980354309082,0.15436923503875732,109,91.69728827476501
100,0.0055999755859375,0.15158462524414062,83,72.29515433311462
100,0.017400026321411133,0.16039997339248657,73,55.78012299537659
100,0.004400014877319336,0.15243077278137207,90,66.55802798271179
100,0.02039998769760132,0.16227692365646362,78,57.59852313995361
100,0.01940000057220459,0.15244615077972412,57,43.42221641540527
100,0.0040000081062316895,0.15593844652175903,96,69.57923555374146
100,0.0023999810218811035,0.1592000126838684,95,70.87639880180359
100,0.008400022983551025,0.15204614400863647,86,63.23249101638794
100,0.013599991798400879,0.15412306785583496,85,62.5811185836792
100,0.001999974250793457,0.15844613313674927,103,75.72959089279175
100,0.00279998779296875,0.15021538734436035,90,65.64199304580688
100,0.005200028419494629,0.15504616498947144,91,66.73249888420105
100,0.008599996566772461,0.15306150913238525,72,53.17729711532593
100,0.009000003337860107,0.15640002489089966,90,66.27398085594177
100,0.001399993896484375,0.1546154022216797,109,78.67778706550598
100,0.011600017547607422,0.15939998626708984,84,61.82478904724121
100,0.009000003337860107,0.15798461437225342,77,56.67578601837158
100,0.006600022315979004,0.15006154775619507,76,56.588810205459595
100,0.010999977588653564,0.16463077068328857,96,69.89107084274292
100,0.024399995803833008,0.16035383939743042,63,47.222870111465454
100,0.001999974250793457,0.15393847227096558,96,69.66097807884216
100,0.001999974250793457,0.15367692708969116,95,69.63905596733093
100,0.0054000020027160645,0.15286153554916382,88,64.19453144073486
100,0.00959998369216919,0.15827691555023193,81,60.10878372192383
